00111110111100110011111101100100
00111110111100110011111101100101
00111110111100110011111101100110
00111110111100110011111101100111
01100110111011101111110110101100
01100110111011101111110110101101
01100110111011101111110110101110
01100110111011101111110110101111
01110111111100101111000111100011
01110111111100101111000111100100
01110111111100101111000111100101
01110111111100101111000111100110
10000010111010110110000110111100
10000010111010110110000110111101
10000010111010110110000110111110
10000010111010110110000110111111
10101010101111001100101011000111
10101010101111001100101011001000
10101010101111001100101011001001
10101010101111001100101011001010
01000000010100101111101011110010
01000000010100101111101011110011
01000000010100101111101011110100
01000000010100101111101011110101
10100011111011001011011011011101
10100011111011001011011011011110
10100011111011001011011011011111
10100011111011001011011011100000
01000111011101100000101101001000
01000111011101100000101101001001
01000111011101100000101101001010
01000111011101100000101101001011
01110110111011011011000111111110
01110110111011011011000111111111
01110110111011011011001000000000
01110110111011011011001000000001
00100101110110000111001100000000
00100101110110000111001100000001
00100101110110000111001100000010
00100101110110000111001100000011
00110110101111101010100101111100
00110110101111101010100101111101
00110110101111101010100101111110
00110110101111101010100101111111
10011000111111110110100001111001
10011000111111110110100001111010
10011000111111110110100001111011
10011000111111110110100001111100
11000101000101011011000011111101
11000101000101011011000011111110
11000101000101011011000011111111
11000101000101011011000100000000
10110100011011111101001100111010
10110100011011111101001100111011
10110100011011111101001100111100
10110100011011111101001100111101
10011101101101101000001111100011
10011101101101101000001111100100
10011101101101101000001111100101
10011101101101101000001111100110
10001101000011111110011101101101
10001101000011111110011101101110
10001101000011111110011101101111
10001101000011111110011101110000
01111111000111101101111101100001
01111111000111101101111101100010
01111111000111101101111101100011
01111111000111101101111101100100
11001111011101111100101000101100
11001111011101111100101000101101
11001111011101111100101000101110
11001111011101111100101000101111
10101001110101101000101100110101
10101001110101101000101100110110
10101001110101101000101100110111
10101001110101101000101100111000
11110000000000111010110110111110
11110000000000111010110110111111
11110000000000111010110111000000
11110000000000111010110111000001
11011011110000111110011011100100
11011011110000111110011011100101
11011011110000111110011011100110
11011011110000111110011011100111
11001100111010110110111110101001
11001100111010110110111110101010
11001100111010110110111110101011
11001100111010110110111110101100
01110110111110000100011100000000
01110110111110000100011100000001
01110110111110000100011100000010
01110110111110000100011100000011
11010100101000001011001111000000
11010100101000001011001111000001
11010100101000001011001111000010
11010100101000001011001111000011
00011111101011111101111110101110
00011111101011111101111110101111
00011111101011111101111110110000
00011111101011111101111110110001
11001100111010110110111110101010
11001100111010110110111110101011
11001100111010110110111110101100
01110110111110000100011100000000
01110110111110000100011100000001
10000010111010110110000110111111
10101010101111001100101011000111
10101010101111001100101011001000
10101010101111001100101011001001
10101010101111001100101011001010
01000111011101100000101101001010
01000111011101100000101101001011
01110110111011011011000111111110
01110110111011011011000111111111
01110110111011011011001000000000
10100011111011001011011011011110
10100011111011001011011011011111
10100011111011001011011011100000
01000111011101100000101101001000
01000111011101100000101101001001
00111110111100110011111101100100
00111110111100110011111101100101
00111110111100110011111101100110
00111110111100110011111101100111
01100110111011101111110110101100
11000101000101011011000011111111
11000101000101011011000100000000
10110100011011111101001100111010
10110100011011111101001100111011
10110100011011111101001100111100
01110110111110000100011100000010
01110110111110000100011100000011
11010100101000001011001111000000
11010100101000001011001111000001
11010100101000001011001111000010
10101001110101101000101100111000
11110000000000111010110110111110
11110000000000111010110110111111
11110000000000111010110111000000
11110000000000111010110111000001
11001111011101111100101000101110
11001111011101111100101000101111
10101001110101101000101100110101
10101001110101101000101100110110
10101001110101101000101100110111
01111111000111101101111101100010
01111111000111101101111101100011
01111111000111101101111101100100
11001111011101111100101000101100
11001111011101111100101000101101
11011011110000111110011011100100
11011011110000111110011011100101
11011011110000111110011011100110
11011011110000111110011011100111
11001100111010110110111110101001
00110110101111101010100101111100
00110110101111101010100101111101
00110110101111101010100101111110
00110110101111101010100101111111
10011000111111110110100001111001
01100110111011101111110110101101
01100110111011101111110110101110
01100110111011101111110110101111
01110111111100101111000111100011
01110111111100101111000111100100
10011000111111110110100001111010
10011000111111110110100001111011
10011000111111110110100001111100
11000101000101011011000011111101
11000101000101011011000011111110
01000000010100101111101011110010
01000000010100101111101011110011
01000000010100101111101011110100
01000000010100101111101011110101
10100011111011001011011011011101
10110100011011111101001100111101
10011101101101101000001111100011
10011101101101101000001111100100
10011101101101101000001111100101
10011101101101101000001111100110
01110110111011011011001000000001
00100101110110000111001100000000
00100101110110000111001100000001
00100101110110000111001100000010
00100101110110000111001100000011
01110111111100101111000111100101
01110111111100101111000111100110
10000010111010110110000110111100
10000010111010110110000110111101
10000010111010110110000110111110
10001101000011111110011101101101
10001101000011111110011101101110
10001101000011111110011101101111
10001101000011111110011101110000
01111111000111101101111101100001
11010100101000001011001111000011
00011111101011111101111110101110
00011111101011111101111110101111
00011111101011111101111110110000
00011111101011111101111110110001
11011011110000111110011011100100
11011011110000111110011011100101
11011011110000111110011011100110
11011011110000111110011011100111
11001100111010110110111110101001
01000000010100101111101011110010
01000000010100101111101011110011
01000000010100101111101011110100
01000000010100101111101011110101
10100011111011001011011011011101
01110111111100101111000111100101
01110111111100101111000111100110
10000010111010110110000110111100
10000010111010110110000110111101
10000010111010110110000110111110
01000111011101100000101101001010
01000111011101100000101101001011
01110110111011011011000111111110
01110110111011011011000111111111
01110110111011011011001000000000
11001111011101111100101000101110
11001111011101111100101000101111
10101001110101101000101100110101
10101001110101101000101100110110
10101001110101101000101100110111
11000101000101011011000011111111
11000101000101011011000100000000
10110100011011111101001100111010
10110100011011111101001100111011
10110100011011111101001100111100
01100110111011101111110110101101
01100110111011101111110110101110
01100110111011101111110110101111
01110111111100101111000111100011
01110111111100101111000111100100
00110110101111101010100101111100
00110110101111101010100101111101
00110110101111101010100101111110
00110110101111101010100101111111
10011000111111110110100001111001
01110110111011011011001000000001
00100101110110000111001100000000
00100101110110000111001100000001
00100101110110000111001100000010
00100101110110000111001100000011
10000010111010110110000110111111
10101010101111001100101011000111
10101010101111001100101011001000
10101010101111001100101011001001
10101010101111001100101011001010
10100011111011001011011011011110
10100011111011001011011011011111
10100011111011001011011011100000
01000111011101100000101101001000
01000111011101100000101101001001
01110110111110000100011100000010
01110110111110000100011100000011
11010100101000001011001111000000
11010100101000001011001111000001
11010100101000001011001111000010
11001100111010110110111110101010
11001100111010110110111110101011
11001100111010110110111110101100
01110110111110000100011100000000
01110110111110000100011100000001
01111111000111101101111101100010
01111111000111101101111101100011
01111111000111101101111101100100
11001111011101111100101000101100
11001111011101111100101000101101
11010100101000001011001111000011
00011111101011111101111110101110
00011111101011111101111110101111
00011111101011111101111110110000
00011111101011111101111110110001
00111110111100110011111101100100
00111110111100110011111101100101
00111110111100110011111101100110
00111110111100110011111101100111
01100110111011101111110110101100
10110100011011111101001100111101
10011101101101101000001111100011
10011101101101101000001111100100
10011101101101101000001111100101
10011101101101101000001111100110
10011000111111110110100001111010
10011000111111110110100001111011
10011000111111110110100001111100
11000101000101011011000011111101
11000101000101011011000011111110
10101001110101101000101100111000
11110000000000111010110110111110
11110000000000111010110110111111
11110000000000111010110111000000
11110000000000111010110111000001
10001101000011111110011101101101
10001101000011111110011101101110
10001101000011111110011101101111
10001101000011111110011101110000
01111111000111101101111101100001
10001101000011111110011101101101
10001101000011111110011101101110
10001101000011111110011101101111
10001101000011111110011101110000
01111111000111101101111101100001
11011011110000111110011011100100
11011011110000111110011011100101
11011011110000111110011011100110
11011011110000111110011011100111
11001100111010110110111110101001
11001100111010110110111110101010
11001100111010110110111110101011
11001100111010110110111110101100
01110110111110000100011100000000
01110110111110000100011100000001
10100011111011001011011011011110
10100011111011001011011011011111
10100011111011001011011011100000
01000111011101100000101101001000
01000111011101100000101101001001
01000000010100101111101011110010
01000000010100101111101011110011
01000000010100101111101011110100
01000000010100101111101011110101
10100011111011001011011011011101
10110100011011111101001100111101
10011101101101101000001111100011
10011101101101101000001111100100
10011101101101101000001111100101
10011101101101101000001111100110
01110110111110000100011100000010
01110110111110000100011100000011
11010100101000001011001111000000
11010100101000001011001111000001
11010100101000001011001111000010
00111110111100110011111101100100
00111110111100110011111101100101
00111110111100110011111101100110
00111110111100110011111101100111
01100110111011101111110110101100
10101001110101101000101100111000
11110000000000111010110110111110
11110000000000111010110110111111
11110000000000111010110111000000
11110000000000111010110111000001
10011000111111110110100001111010
10011000111111110110100001111011
10011000111111110110100001111100
11000101000101011011000011111101
11000101000101011011000011111110
01110110111011011011001000000001
00100101110110000111001100000000
00100101110110000111001100000001
00100101110110000111001100000010
00100101110110000111001100000011
01000111011101100000101101001010
01000111011101100000101101001011
01110110111011011011000111111110
01110110111011011011000111111111
01110110111011011011001000000000
01100110111011101111110110101101
01100110111011101111110110101110
01100110111011101111110110101111
01110111111100101111000111100011
01110111111100101111000111100100
11010100101000001011001111000011
00011111101011111101111110101110
00011111101011111101111110101111
00011111101011111101111110110000
00011111101011111101111110110001
01111111000111101101111101100010
01111111000111101101111101100011
01111111000111101101111101100100
11001111011101111100101000101100
11001111011101111100101000101101
11000101000101011011000011111111
11000101000101011011000100000000
10110100011011111101001100111010
10110100011011111101001100111011
10110100011011111101001100111100
10000010111010110110000110111111
10101010101111001100101011000111
10101010101111001100101011001000
10101010101111001100101011001001
10101010101111001100101011001010
01110111111100101111000111100101
01110111111100101111000111100110
10000010111010110110000110111100
10000010111010110110000110111101
10000010111010110110000110111110
11001111011101111100101000101110
11001111011101111100101000101111
10101001110101101000101100110101
10101001110101101000101100110110
10101001110101101000101100110111
00110110101111101010100101111100
00110110101111101010100101111101
00110110101111101010100101111110
00110110101111101010100101111111
10011000111111110110100001111001
00110110101111101010100101111100
00110110101111101010100101111101
00110110101111101010100101111110
00110110101111101010100101111111
10011000111111110110100001111001
11011011110000111110011011100100
11011011110000111110011011100101
11011011110000111110011011100110
11011011110000111110011011100111
11001100111010110110111110101001
10100011111011001011011011011110
10100011111011001011011011011111
10100011111011001011011011100000
01000111011101100000101101001000
01000111011101100000101101001001
01000111011101100000101101001010
01000111011101100000101101001011
01110110111011011011000111111110
01110110111011011011000111111111
01110110111011011011001000000000
10000010111010110110000110111111
10101010101111001100101011000111
10101010101111001100101011001000
10101010101111001100101011001001
10101010101111001100101011001010
00111110111100110011111101100100
00111110111100110011111101100101
00111110111100110011111101100110
00111110111100110011111101100111
01100110111011101111110110101100
01110110111110000100011100000010
01110110111110000100011100000011
11010100101000001011001111000000
11010100101000001011001111000001
11010100101000001011001111000010
10001101000011111110011101101101
10001101000011111110011101101110
10001101000011111110011101101111
10001101000011111110011101110000
01111111000111101101111101100001
01110111111100101111000111100101
01110111111100101111000111100110
10000010111010110110000110111100
10000010111010110110000110111101
10000010111010110110000110111110
10101001110101101000101100111000
11110000000000111010110110111110
11110000000000111010110110111111
11110000000000111010110111000000
11110000000000111010110111000001
11000101000101011011000011111111
11000101000101011011000100000000
10110100011011111101001100111010
10110100011011111101001100111011
10110100011011111101001100111100
01111111000111101101111101100010
01111111000111101101111101100011
01111111000111101101111101100100
11001111011101111100101000101100
11001111011101111100101000101101
11001100111010110110111110101010
11001100111010110110111110101011
11001100111010110110111110101100
01110110111110000100011100000000
01110110111110000100011100000001
10011000111111110110100001111010
10011000111111110110100001111011
10011000111111110110100001111100
11000101000101011011000011111101
11000101000101011011000011111110
01110110111011011011001000000001
00100101110110000111001100000000
00100101110110000111001100000001
00100101110110000111001100000010
00100101110110000111001100000011
01000000010100101111101011110010
01000000010100101111101011110011
01000000010100101111101011110100
01000000010100101111101011110101
10100011111011001011011011011101
11001111011101111100101000101110
11001111011101111100101000101111
10101001110101101000101100110101
10101001110101101000101100110110
10101001110101101000101100110111
11010100101000001011001111000011
00011111101011111101111110101110
00011111101011111101111110101111
00011111101011111101111110110000
00011111101011111101111110110001
01100110111011101111110110101101
01100110111011101111110110101110
01100110111011101111110110101111
01110111111100101111000111100011
01110111111100101111000111100100
10110100011011111101001100111101
10011101101101101000001111100011
10011101101101101000001111100100
10011101101101101000001111100101
10011101101101101000001111100110
