11001010110100110100100010111000
11001010110100110100100010111001
11001010110100110100100010111010
11001010110100110100100010111011
10001111010100111111101110010000
10001111010100111111101110010001
10001111010100111111101110010010
10001111010100111111101110010011
10110111001110101011100001100111
10110111001110101011100001101000
10110111001110101011100001101001
10110111001110101011100001101010
00000110001100100110110111001000
00000110001100100110110111001001
00000110001100100110110111001010
00000110001100100110110111001011
01001101010100110001101010111011
01001101010100110001101010111100
01001101010100110001101010111101
01001101010100110001101010111110
11000101001011011001111100011111
11000101001011011001111100100000
11000101001011011001111100100001
11000101001011011001111100100010
01101110101110011100000011011111
01101110101110011100000011100000
01101110101110011100000011100001
01101110101110011100000011100010
11001100111000000011011111110010
11001100111000000011011111110011
11001100111000000011011111110100
11001100111000000011011111110101
01011010100000001010101100000110
01011010100000001010101100000111
01011010100000001010101100001000
01011010100000001010101100001001
11011100010111000101100110011011
11011100010111000101100110011100
11011100010111000101100110011101
11011100010111000101100110011110
11111001110101001110000100101111
11111001110101001110000100110000
11111001110101001110000100110001
11111001110101001110000100110010
11101001101110100010011100111000
11101001101110100010011100111001
11101001101110100010011100111010
11101001101110100010011100111011
11011001110001111100100011011111
11011001110001111100100011100000
11011001110001111100100011100001
11011001110001111100100011100010
11011111110110101100101011010000
11011111110110101100101011010001
11011111110110101100101011010010
11011111110110101100101011010011
10100110101001101011111000011010
10100110101001101011111000011011
10100110101001101011111000011100
10100110101001101011111000011101
00001100111010011111100111111001
00001100111010011111100111111010
00001100111010011111100111111011
00001100111010011111100111111100
01011111010010011100111110110000
01011111010010011100111110110001
01011111010010011100111110110010
01011111010010011100111110110011
11110010011011110101000101011101
11110010011011110101000101011110
11110010011011110101000101011111
11110010011011110101000101100000
00101101010101011010101011101111
00101101010101011010101011110000
00101101010101011010101011110001
00101101010101011010101011110010
01000111101110101111001000110100
01000111101110101111001000110101
01000111101110101111001000110110
01000111101110101111001000110111
01001011001111111000101011010111
01001011001111111000101011011000
01001011001111111000101011011001
01001011001111111000101011011010
11110111011000110011111101111011
11110111011000110011111101111100
11110111011000110011111101111101
11110111011000110011111101111110
11001010011011011100001000111101
11001010011011011100001000111110
11001010011011011100001000111111
11001010011011011100001001000000
10010111101100100111011110010000
10010111101100100111011110010001
10010111101100100111011110010010
10010111101100100111011110010011
00101110101111011011110100101111
00101110101111011011110100110000
00101110101111011011110100110001
00101110101111011011110100110010
01101110101110011100000011100000
01101110101110011100000011100001
01101110101110011100000011100010
11001100111000000011011111110010
11001100111000000011011111110011
00001100111010011111100111111001
00001100111010011111100111111010
00001100111010011111100111111011
00001100111010011111100111111100
01011111010010011100111110110000
00101101010101011010101011110010
01000111101110101111001000110100
01000111101110101111001000110101
01000111101110101111001000110110
01000111101110101111001000110111
10001111010100111111101110010001
10001111010100111111101110010010
10001111010100111111101110010011
10110111001110101011100001100111
10110111001110101011100001101000
11001010110100110100100010111000
11001010110100110100100010111001
11001010110100110100100010111010
11001010110100110100100010111011
10001111010100111111101110010000
11011001110001111100100011100001
11011001110001111100100011100010
11011111110110101100101011010000
11011111110110101100101011010001
11011111110110101100101011010010
10110111001110101011100001101001
10110111001110101011100001101010
00000110001100100110110111001000
00000110001100100110110111001001
00000110001100100110110111001010
11110010011011110101000101011111
11110010011011110101000101100000
00101101010101011010101011101111
00101101010101011010101011110000
00101101010101011010101011110001
11110111011000110011111101111100
11110111011000110011111101111101
11110111011000110011111101111110
11001010011011011100001000111101
11001010011011011100001000111110
11001010011011011100001000111111
11001010011011011100001001000000
10010111101100100111011110010000
10010111101100100111011110010001
10010111101100100111011110010010
01011111010010011100111110110001
01011111010010011100111110110010
01011111010010011100111110110011
11110010011011110101000101011101
11110010011011110101000101011110
11101001101110100010011100111001
11101001101110100010011100111010
11101001101110100010011100111011
11011001110001111100100011011111
11011001110001111100100011100000
01011010100000001010101100001001
11011100010111000101100110011011
11011100010111000101100110011100
11011100010111000101100110011101
11011100010111000101100110011110
01001011001111111000101011010111
01001011001111111000101011011000
01001011001111111000101011011001
01001011001111111000101011011010
11110111011000110011111101111011
11001100111000000011011111110100
11001100111000000011011111110101
01011010100000001010101100000110
01011010100000001010101100000111
01011010100000001010101100001000
00000110001100100110110111001011
01001101010100110001101010111011
01001101010100110001101010111100
01001101010100110001101010111101
01001101010100110001101010111110
11000101001011011001111100011111
11000101001011011001111100100000
11000101001011011001111100100001
11000101001011011001111100100010
01101110101110011100000011011111
11111001110101001110000100101111
11111001110101001110000100110000
11111001110101001110000100110001
11111001110101001110000100110010
11101001101110100010011100111000
10010111101100100111011110010011
00101110101111011011110100101111
00101110101111011011110100110000
00101110101111011011110100110001
00101110101111011011110100110010
11011111110110101100101011010011
10100110101001101011111000011010
10100110101001101011111000011011
10100110101001101011111000011100
10100110101001101011111000011101
11111001110101001110000100101111
11111001110101001110000100110000
11111001110101001110000100110001
11111001110101001110000100110010
11101001101110100010011100111000
11001010110100110100100010111000
11001010110100110100100010111001
11001010110100110100100010111010
11001010110100110100100010111011
10001111010100111111101110010000
11110010011011110101000101011111
11110010011011110101000101100000
00101101010101011010101011101111
00101101010101011010101011110000
00101101010101011010101011110001
10010111101100100111011110010011
00101110101111011011110100101111
00101110101111011011110100110000
00101110101111011011110100110001
00101110101111011011110100110010
00101101010101011010101011110010
01000111101110101111001000110100
01000111101110101111001000110101
01000111101110101111001000110110
01000111101110101111001000110111
11001100111000000011011111110100
11001100111000000011011111110101
01011010100000001010101100000110
01011010100000001010101100000111
01011010100000001010101100001000
10001111010100111111101110010001
10001111010100111111101110010010
10001111010100111111101110010011
10110111001110101011100001100111
10110111001110101011100001101000
01011010100000001010101100001001
11011100010111000101100110011011
11011100010111000101100110011100
11011100010111000101100110011101
11011100010111000101100110011110
10110111001110101011100001101001
10110111001110101011100001101010
00000110001100100110110111001000
00000110001100100110110111001001
00000110001100100110110111001010
01101110101110011100000011100000
01101110101110011100000011100001
01101110101110011100000011100010
11001100111000000011011111110010
11001100111000000011011111110011
11001010011011011100001000111111
11001010011011011100001001000000
10010111101100100111011110010000
10010111101100100111011110010001
10010111101100100111011110010010
11011001110001111100100011100001
11011001110001111100100011100010
11011111110110101100101011010000
11011111110110101100101011010001
11011111110110101100101011010010
00000110001100100110110111001011
01001101010100110001101010111011
01001101010100110001101010111100
01001101010100110001101010111101
01001101010100110001101010111110
01011111010010011100111110110001
01011111010010011100111110110010
01011111010010011100111110110011
11110010011011110101000101011101
11110010011011110101000101011110
11011111110110101100101011010011
10100110101001101011111000011010
10100110101001101011111000011011
10100110101001101011111000011100
10100110101001101011111000011101
00001100111010011111100111111001
00001100111010011111100111111010
00001100111010011111100111111011
00001100111010011111100111111100
01011111010010011100111110110000
01001011001111111000101011010111
01001011001111111000101011011000
01001011001111111000101011011001
01001011001111111000101011011010
11110111011000110011111101111011
11101001101110100010011100111001
11101001101110100010011100111010
11101001101110100010011100111011
11011001110001111100100011011111
11011001110001111100100011100000
11110111011000110011111101111100
11110111011000110011111101111101
11110111011000110011111101111110
11001010011011011100001000111101
11001010011011011100001000111110
11000101001011011001111100011111
11000101001011011001111100100000
11000101001011011001111100100001
11000101001011011001111100100010
01101110101110011100000011011111
11001010110100110100100010111000
11001010110100110100100010111001
11001010110100110100100010111010
11001010110100110100100010111011
10001111010100111111101110010000
00101101010101011010101011110010
01000111101110101111001000110100
01000111101110101111001000110101
01000111101110101111001000110110
01000111101110101111001000110111
01101110101110011100000011100000
01101110101110011100000011100001
01101110101110011100000011100010
11001100111000000011011111110010
11001100111000000011011111110011
00000110001100100110110111001011
01001101010100110001101010111011
01001101010100110001101010111100
01001101010100110001101010111101
01001101010100110001101010111110
10001111010100111111101110010001
10001111010100111111101110010010
10001111010100111111101110010011
10110111001110101011100001100111
10110111001110101011100001101000
01011010100000001010101100001001
11011100010111000101100110011011
11011100010111000101100110011100
11011100010111000101100110011101
11011100010111000101100110011110
10110111001110101011100001101001
10110111001110101011100001101010
00000110001100100110110111001000
00000110001100100110110111001001
00000110001100100110110111001010
01001011001111111000101011010111
01001011001111111000101011011000
01001011001111111000101011011001
01001011001111111000101011011010
11110111011000110011111101111011
11001010011011011100001000111111
11001010011011011100001001000000
10010111101100100111011110010000
10010111101100100111011110010001
10010111101100100111011110010010
11110111011000110011111101111100
11110111011000110011111101111101
11110111011000110011111101111110
11001010011011011100001000111101
11001010011011011100001000111110
11000101001011011001111100011111
11000101001011011001111100100000
11000101001011011001111100100001
11000101001011011001111100100010
01101110101110011100000011011111
11001100111000000011011111110100
11001100111000000011011111110101
01011010100000001010101100000110
01011010100000001010101100000111
01011010100000001010101100001000
01011111010010011100111110110001
01011111010010011100111110110010
01011111010010011100111110110011
11110010011011110101000101011101
11110010011011110101000101011110
11011001110001111100100011100001
11011001110001111100100011100010
11011111110110101100101011010000
11011111110110101100101011010001
11011111110110101100101011010010
11110010011011110101000101011111
11110010011011110101000101100000
00101101010101011010101011101111
00101101010101011010101011110000
00101101010101011010101011110001
11011111110110101100101011010011
10100110101001101011111000011010
10100110101001101011111000011011
10100110101001101011111000011100
10100110101001101011111000011101
11111001110101001110000100101111
11111001110101001110000100110000
11111001110101001110000100110001
11111001110101001110000100110010
11101001101110100010011100111000
00001100111010011111100111111001
00001100111010011111100111111010
00001100111010011111100111111011
00001100111010011111100111111100
01011111010010011100111110110000
10010111101100100111011110010011
00101110101111011011110100101111
00101110101111011011110100110000
00101110101111011011110100110001
00101110101111011011110100110010
11101001101110100010011100111001
11101001101110100010011100111010
11101001101110100010011100111011
11011001110001111100100011011111
11011001110001111100100011100000
00101101010101011010101011110010
01000111101110101111001000110100
01000111101110101111001000110101
01000111101110101111001000110110
01000111101110101111001000110111
10110111001110101011100001101001
10110111001110101011100001101010
00000110001100100110110111001000
00000110001100100110110111001001
00000110001100100110110111001010
01011010100000001010101100001001
11011100010111000101100110011011
11011100010111000101100110011100
11011100010111000101100110011101
11011100010111000101100110011110
00000110001100100110110111001011
01001101010100110001101010111011
01001101010100110001101010111100
01001101010100110001101010111101
01001101010100110001101010111110
11001010110100110100100010111000
11001010110100110100100010111001
11001010110100110100100010111010
11001010110100110100100010111011
10001111010100111111101110010000
11110111011000110011111101111100
11110111011000110011111101111101
11110111011000110011111101111110
11001010011011011100001000111101
11001010011011011100001000111110
11011111110110101100101011010011
10100110101001101011111000011010
10100110101001101011111000011011
10100110101001101011111000011100
10100110101001101011111000011101
11011001110001111100100011100001
11011001110001111100100011100010
11011111110110101100101011010000
11011111110110101100101011010001
11011111110110101100101011010010
01101110101110011100000011100000
01101110101110011100000011100001
01101110101110011100000011100010
11001100111000000011011111110010
11001100111000000011011111110011
01001011001111111000101011010111
01001011001111111000101011011000
01001011001111111000101011011001
01001011001111111000101011011010
11110111011000110011111101111011
11111001110101001110000100101111
11111001110101001110000100110000
11111001110101001110000100110001
11111001110101001110000100110010
11101001101110100010011100111000
11001010011011011100001000111111
11001010011011011100001001000000
10010111101100100111011110010000
10010111101100100111011110010001
10010111101100100111011110010010
11101001101110100010011100111001
11101001101110100010011100111010
11101001101110100010011100111011
11011001110001111100100011011111
11011001110001111100100011100000
00001100111010011111100111111001
00001100111010011111100111111010
00001100111010011111100111111011
00001100111010011111100111111100
01011111010010011100111110110000
01011111010010011100111110110001
01011111010010011100111110110010
01011111010010011100111110110011
11110010011011110101000101011101
11110010011011110101000101011110
11000101001011011001111100011111
11000101001011011001111100100000
11000101001011011001111100100001
11000101001011011001111100100010
01101110101110011100000011011111
10001111010100111111101110010001
10001111010100111111101110010010
10001111010100111111101110010011
10110111001110101011100001100111
10110111001110101011100001101000
10010111101100100111011110010011
00101110101111011011110100101111
00101110101111011011110100110000
00101110101111011011110100110001
00101110101111011011110100110010
11110010011011110101000101011111
11110010011011110101000101100000
00101101010101011010101011101111
00101101010101011010101011110000
00101101010101011010101011110001
11001100111000000011011111110100
11001100111000000011011111110101
01011010100000001010101100000110
01011010100000001010101100000111
01011010100000001010101100001000
