01010011101011110011010111101110
01010011101011110011010111101111
01010011101011110011010111110000
01010011101011110011010111110001
11011101101011010110000100101111
11011101101011010110000100110000
11011101101011010110000100110001
11011101101011010110000100110010
01010100010000111110101010111000
01010100010000111110101010111001
01010100010000111110101010111010
01010100010000111110101010111011
00010011111111111110111011111010
00010011111111111110111011111011
00010011111111111110111011111100
00010011111111111110111011111101
11111100001000010011010010000001
11111100001000010011010010000010
11111100001000010011010010000011
11111100001000010011010010000100
01001101101111110111111011010010
01001101101111110111111011010011
01001101101111110111111011010100
01001101101111110111111011010101
11100000001001110101111011101011
11100000001001110101111011101100
11100000001001110101111011101101
11100000001001110101111011101110
11110110111110011111001110000110
11110110111110011111001110000111
11110110111110011111001110001000
11110110111110011111001110001001
01000100111011001011010111101101
01000100111011001011010111101110
01000100111011001011010111101111
01000100111011001011010111110000
10001001101111011111111100001010
10001001101111011111111100001011
10001001101111011111111100001100
10001001101111011111111100001101
00101100011111111101101011111111
00101100011111111101101100000000
00101100011111111101101100000001
00101100011111111101101100000010
01111110101101111111101010111111
01111110101101111111101011000000
01111110101101111111101011000001
01111110101101111111101011000010
01100111101011100111101010111110
01100111101011100111101010111111
01100111101011100111101011000000
01100111101011100111101011000001
11010000111011011011100100101110
11010000111011011011100100101111
11010000111011011011100100110000
11010000111011011011100100110001
01110111101111000011001111110111
01110111101111000011001111111000
01110111101111000011001111111001
01110111101111000011001111111010
00110000000011111101101101010111
00110000000011111101101101011000
00110000000011111101101101011001
00110000000011111101101101011010
00111001011000110001001000111101
00111001011000110001001000111110
00111001011000110001001000111111
00111001011000110001001001000000
10001101011110010001101001010000
10001101011110010001101001010001
10001101011110010001101001010010
10001101011110010001101001010011
10111000111111011100011111011100
10111000111111011100011111011101
10111000111111011100011111011110
10111000111111011100011111011111
01101000111110110111011010100001
01101000111110110111011010100010
01101000111110110111011010100011
01101000111110110111011010100100
00101010011010000101111001001011
00101010011010000101111001001100
00101010011010000101111001001101
00101010011010000101111001001110
10011101111011100011101001001111
10011101111011100011101001010000
10011101111011100011101001010001
10011101111011100011101001010010
11100111100001001011010000100000
11100111100001001011010000100001
11100111100001001011010000100010
11100111100001001011010000100011
01111111111010010110011011001110
01111111111010010110011011001111
01111111111010010110011011010000
01111111111010010110011011010001
11011001111100001111100001111111
11011001111100001111100010000000
11011001111100001111100010000001
11011001111100001111100010000010
10011101111011100011101001010000
10011101111011100011101001010001
10011101111011100011101001010010
11100111100001001011010000100000
11100111100001001011010000100001
01010011101011110011010111101110
01010011101011110011010111101111
01010011101011110011010111110000
01010011101011110011010111110001
11011101101011010110000100101111
01111111111010010110011011010001
11011001111100001111100001111111
11011001111100001111100010000000
11011001111100001111100010000001
11011001111100001111100010000010
11110110111110011111001110001000
11110110111110011111001110001001
01000100111011001011010111101101
01000100111011001011010111101110
01000100111011001011010111101111
00101010011010000101111001001011
00101010011010000101111001001100
00101010011010000101111001001101
00101010011010000101111001001110
10011101111011100011101001001111
11011101101011010110000100110000
11011101101011010110000100110001
11011101101011010110000100110010
01010100010000111110101010111000
01010100010000111110101010111001
01100111101011100111101011000000
01100111101011100111101011000001
11010000111011011011100100101110
11010000111011011011100100101111
11010000111011011011100100110000
01000100111011001011010111110000
10001001101111011111111100001010
10001001101111011111111100001011
10001001101111011111111100001100
10001001101111011111111100001101
01111110101101111111101011000000
01111110101101111111101011000001
01111110101101111111101011000010
01100111101011100111101010111110
01100111101011100111101010111111
11100000001001110101111011101100
11100000001001110101111011101101
11100000001001110101111011101110
11110110111110011111001110000110
11110110111110011111001110000111
00111001011000110001001000111110
00111001011000110001001000111111
00111001011000110001001001000000
10001101011110010001101001010000
10001101011110010001101001010001
11010000111011011011100100110001
01110111101111000011001111110111
01110111101111000011001111111000
01110111101111000011001111111001
01110111101111000011001111111010
00010011111111111110111011111101
11111100001000010011010010000001
11111100001000010011010010000010
11111100001000010011010010000011
11111100001000010011010010000100
00101100011111111101101011111111
00101100011111111101101100000000
00101100011111111101101100000001
00101100011111111101101100000010
01111110101101111111101010111111
10111000111111011100011111011111
01101000111110110111011010100001
01101000111110110111011010100010
01101000111110110111011010100011
01101000111110110111011010100100
01001101101111110111111011010010
01001101101111110111111011010011
01001101101111110111111011010100
01001101101111110111111011010101
11100000001001110101111011101011
00110000000011111101101101010111
00110000000011111101101101011000
00110000000011111101101101011001
00110000000011111101101101011010
00111001011000110001001000111101
11100111100001001011010000100010
11100111100001001011010000100011
01111111111010010110011011001110
01111111111010010110011011001111
01111111111010010110011011010000
01010100010000111110101010111010
01010100010000111110101010111011
00010011111111111110111011111010
00010011111111111110111011111011
00010011111111111110111011111100
10001101011110010001101001010010
10001101011110010001101001010011
10111000111111011100011111011100
10111000111111011100011111011101
10111000111111011100011111011110
00010011111111111110111011111101
11111100001000010011010010000001
11111100001000010011010010000010
11111100001000010011010010000011
11111100001000010011010010000100
00101100011111111101101011111111
00101100011111111101101100000000
00101100011111111101101100000001
00101100011111111101101100000010
01111110101101111111101010111111
10001101011110010001101001010010
10001101011110010001101001010011
10111000111111011100011111011100
10111000111111011100011111011101
10111000111111011100011111011110
01111110101101111111101011000000
01111110101101111111101011000001
01111110101101111111101011000010
01100111101011100111101010111110
01100111101011100111101010111111
11100000001001110101111011101100
11100000001001110101111011101101
11100000001001110101111011101110
11110110111110011111001110000110
11110110111110011111001110000111
10111000111111011100011111011111
01101000111110110111011010100001
01101000111110110111011010100010
01101000111110110111011010100011
01101000111110110111011010100100
01010100010000111110101010111010
01010100010000111110101010111011
00010011111111111110111011111010
00010011111111111110111011111011
00010011111111111110111011111100
11010000111011011011100100110001
01110111101111000011001111110111
01110111101111000011001111111000
01110111101111000011001111111001
01110111101111000011001111111010
11100111100001001011010000100010
11100111100001001011010000100011
01111111111010010110011011001110
01111111111010010110011011001111
01111111111010010110011011010000
01111111111010010110011011010001
11011001111100001111100001111111
11011001111100001111100010000000
11011001111100001111100010000001
11011001111100001111100010000010
01100111101011100111101011000000
01100111101011100111101011000001
11010000111011011011100100101110
11010000111011011011100100101111
11010000111011011011100100110000
10011101111011100011101001010000
10011101111011100011101001010001
10011101111011100011101001010010
11100111100001001011010000100000
11100111100001001011010000100001
11011101101011010110000100110000
11011101101011010110000100110001
11011101101011010110000100110010
01010100010000111110101010111000
01010100010000111110101010111001
00110000000011111101101101010111
00110000000011111101101101011000
00110000000011111101101101011001
00110000000011111101101101011010
00111001011000110001001000111101
00101010011010000101111001001011
00101010011010000101111001001100
00101010011010000101111001001101
00101010011010000101111001001110
10011101111011100011101001001111
11110110111110011111001110001000
11110110111110011111001110001001
01000100111011001011010111101101
01000100111011001011010111101110
01000100111011001011010111101111
01001101101111110111111011010010
01001101101111110111111011010011
01001101101111110111111011010100
01001101101111110111111011010101
11100000001001110101111011101011
01000100111011001011010111110000
10001001101111011111111100001010
10001001101111011111111100001011
10001001101111011111111100001100
10001001101111011111111100001101
01010011101011110011010111101110
01010011101011110011010111101111
01010011101011110011010111110000
01010011101011110011010111110001
11011101101011010110000100101111
00111001011000110001001000111110
00111001011000110001001000111111
00111001011000110001001001000000
10001101011110010001101001010000
10001101011110010001101001010001
11010000111011011011100100110001
01110111101111000011001111110111
01110111101111000011001111111000
01110111101111000011001111111001
01110111101111000011001111111010
11110110111110011111001110001000
11110110111110011111001110001001
01000100111011001011010111101101
01000100111011001011010111101110
01000100111011001011010111101111
01010011101011110011010111101110
01010011101011110011010111101111
01010011101011110011010111110000
01010011101011110011010111110001
11011101101011010110000100101111
01001101101111110111111011010010
01001101101111110111111011010011
01001101101111110111111011010100
01001101101111110111111011010101
11100000001001110101111011101011
01111111111010010110011011010001
11011001111100001111100001111111
11011001111100001111100010000000
11011001111100001111100010000001
11011001111100001111100010000010
11011101101011010110000100110000
11011101101011010110000100110001
11011101101011010110000100110010
01010100010000111110101010111000
01010100010000111110101010111001
01000100111011001011010111110000
10001001101111011111111100001010
10001001101111011111111100001011
10001001101111011111111100001100
10001001101111011111111100001101
10001101011110010001101001010010
10001101011110010001101001010011
10111000111111011100011111011100
10111000111111011100011111011101
10111000111111011100011111011110
00110000000011111101101101010111
00110000000011111101101101011000
00110000000011111101101101011001
00110000000011111101101101011010
00111001011000110001001000111101
00010011111111111110111011111101
11111100001000010011010010000001
11111100001000010011010010000010
11111100001000010011010010000011
11111100001000010011010010000100
10111000111111011100011111011111
01101000111110110111011010100001
01101000111110110111011010100010
01101000111110110111011010100011
01101000111110110111011010100100
11100111100001001011010000100010
11100111100001001011010000100011
01111111111010010110011011001110
01111111111010010110011011001111
01111111111010010110011011010000
00101010011010000101111001001011
00101010011010000101111001001100
00101010011010000101111001001101
00101010011010000101111001001110
10011101111011100011101001001111
00111001011000110001001000111110
00111001011000110001001000111111
00111001011000110001001001000000
10001101011110010001101001010000
10001101011110010001101001010001
01100111101011100111101011000000
01100111101011100111101011000001
11010000111011011011100100101110
11010000111011011011100100101111
11010000111011011011100100110000
00101100011111111101101011111111
00101100011111111101101100000000
00101100011111111101101100000001
00101100011111111101101100000010
01111110101101111111101010111111
01111110101101111111101011000000
01111110101101111111101011000001
01111110101101111111101011000010
01100111101011100111101010111110
01100111101011100111101010111111
01010100010000111110101010111010
01010100010000111110101010111011
00010011111111111110111011111010
00010011111111111110111011111011
00010011111111111110111011111100
10011101111011100011101001010000
10011101111011100011101001010001
10011101111011100011101001010010
11100111100001001011010000100000
11100111100001001011010000100001
11100000001001110101111011101100
11100000001001110101111011101101
11100000001001110101111011101110
11110110111110011111001110000110
11110110111110011111001110000111
11010000111011011011100100110001
01110111101111000011001111110111
01110111101111000011001111111000
01110111101111000011001111111001
01110111101111000011001111111010
01111111111010010110011011010001
11011001111100001111100001111111
11011001111100001111100010000000
11011001111100001111100010000001
11011001111100001111100010000010
01010011101011110011010111101110
01010011101011110011010111101111
01010011101011110011010111110000
01010011101011110011010111110001
11011101101011010110000100101111
01010100010000111110101010111010
01010100010000111110101010111011
00010011111111111110111011111010
00010011111111111110111011111011
00010011111111111110111011111100
00101100011111111101101011111111
00101100011111111101101100000000
00101100011111111101101100000001
00101100011111111101101100000010
01111110101101111111101010111111
11100111100001001011010000100010
11100111100001001011010000100011
01111111111010010110011011001110
01111111111010010110011011001111
01111111111010010110011011010000
11110110111110011111001110001000
11110110111110011111001110001001
01000100111011001011010111101101
01000100111011001011010111101110
01000100111011001011010111101111
11100000001001110101111011101100
11100000001001110101111011101101
11100000001001110101111011101110
11110110111110011111001110000110
11110110111110011111001110000111
01100111101011100111101011000000
01100111101011100111101011000001
11010000111011011011100100101110
11010000111011011011100100101111
11010000111011011011100100110000
10001101011110010001101001010010
10001101011110010001101001010011
10111000111111011100011111011100
10111000111111011100011111011101
10111000111111011100011111011110
00010011111111111110111011111101
11111100001000010011010010000001
11111100001000010011010010000010
11111100001000010011010010000011
11111100001000010011010010000100
01111110101101111111101011000000
01111110101101111111101011000001
01111110101101111111101011000010
01100111101011100111101010111110
01100111101011100111101010111111
00101010011010000101111001001011
00101010011010000101111001001100
00101010011010000101111001001101
00101010011010000101111001001110
10011101111011100011101001001111
01001101101111110111111011010010
01001101101111110111111011010011
01001101101111110111111011010100
01001101101111110111111011010101
11100000001001110101111011101011
01000100111011001011010111110000
10001001101111011111111100001010
10001001101111011111111100001011
10001001101111011111111100001100
10001001101111011111111100001101
00110000000011111101101101010111
00110000000011111101101101011000
00110000000011111101101101011001
00110000000011111101101101011010
00111001011000110001001000111101
00111001011000110001001000111110
00111001011000110001001000111111
00111001011000110001001001000000
10001101011110010001101001010000
10001101011110010001101001010001
10011101111011100011101001010000
10011101111011100011101001010001
10011101111011100011101001010010
11100111100001001011010000100000
11100111100001001011010000100001
11011101101011010110000100110000
11011101101011010110000100110001
11011101101011010110000100110010
01010100010000111110101010111000
01010100010000111110101010111001
10111000111111011100011111011111
01101000111110110111011010100001
01101000111110110111011010100010
01101000111110110111011010100011
01101000111110110111011010100100
