01011101111000100001010110111110
01011101111000100001010110111111
01011101111000100001010111000000
01011101111000100001010111000001
01111110110111000110000001101111
01111110110111000110000001110000
01111110110111000110000001110001
01111110110111000110000001110010
00110111101001010110011110011100
00110111101001010110011110011101
00110111101001010110011110011110
00110111101001010110011110011111
10100111000111010101011100111010
10100111000111010101011100111011
10100111000111010101011100111100
10100111000111010101011100111101
00100100111001111000010111111101
00100100111001111000010111111110
00100100111001111000010111111111
00100100111001111000011000000000
00011001000100011111010101100000
00011001000100011111010101100001
00011001000100011111010101100010
00011001000100011111010101100011
11101111001101100011100101110100
11101111001101100011100101110101
11101111001101100011100101110110
11101111001101100011100101110111
10100011111111000010101000010111
10100011111111000010101000011000
10100011111111000010101000011001
10100011111111000010101000011010
11011001101111011011000011000100
11011001101111011011000011000101
11011001101111011011000011000110
11011001101111011011000011000111
01001011101101101111111100001110
01001011101101101111111100001111
01001011101101101111111100010000
01001011101101101111111100010001
01011111010100001011010101010000
01011111010100001011010101010001
01011111010100001011010101010010
01011111010100001011010101010011
00110100101000110010011101000100
00110100101000110010011101000101
00110100101000110010011101000110
00110100101000110010011101000111
11111110101000110111110111110011
11111110101000110111110111110100
11111110101000110111110111110101
11111110101000110111110111110110
10100010011101110101110101010100
10100010011101110101110101010101
10100010011101110101110101010110
10100010011101110101110101010111
01100111111111011100001011110010
01100111111111011100001011110011
01100111111111011100001011110100
01100111111111011100001011110101
00110110101100001111100110100111
00110110101100001111100110101000
00110110101100001111100110101001
00110110101100001111100110101010
00101100101010111100111001101010
00101100101010111100111001101011
00101100101010111100111001101100
00101100101010111100111001101101
11111010101110011101000001011110
11111010101110011101000001011111
11111010101110011101000001100000
11111010101110011101000001100001
10101101110110010000110101111100
10101101110110010000110101111101
10101101110110010000110101111110
10101101110110010000110101111111
10011011111011000101100111011111
10011011111011000101100111100000
10011011111011000101100111100001
10011011111011000101100111100010
11110110101111010010101010100101
11110110101111010010101010100110
11110110101111010010101010100111
11110110101111010010101010101000
00110111111111011011110001111011
00110111111111011011110001111100
00110111111111011011110001111101
00110111111111011011110001111110
11011001100001010100111010000100
11011001100001010100111010000101
11011001100001010100111010000110
11011001100001010100111010000111
11100101111110010010110101111100
11100101111110010010110101111101
11100101111110010010110101111110
11100101111110010010110101111111
11011101001111011001100101110110
11011101001111011001100101110111
11011101001111011001100101111000
11011101001111011001100101111001
10100011111111000010101000011001
10100011111111000010101000011010
11011001101111011011000011000100
11011001101111011011000011000101
11011001101111011011000011000110
10100010011101110101110101010111
01100111111111011100001011110010
01100111111111011100001011110011
01100111111111011100001011110100
01100111111111011100001011110101
01111110110111000110000001110000
01111110110111000110000001110001
01111110110111000110000001110010
00110111101001010110011110011100
00110111101001010110011110011101
00110110101100001111100110100111
00110110101100001111100110101000
00110110101100001111100110101001
00110110101100001111100110101010
00101100101010111100111001101010
00110111111111011011110001111100
00110111111111011011110001111101
00110111111111011011110001111110
11011001100001010100111010000100
11011001100001010100111010000101
11111010101110011101000001100000
11111010101110011101000001100001
10101101110110010000110101111100
10101101110110010000110101111101
10101101110110010000110101111110
11011001100001010100111010000110
11011001100001010100111010000111
11100101111110010010110101111100
11100101111110010010110101111101
11100101111110010010110101111110
00011001000100011111010101100000
00011001000100011111010101100001
00011001000100011111010101100010
00011001000100011111010101100011
11101111001101100011100101110100
00101100101010111100111001101011
00101100101010111100111001101100
00101100101010111100111001101101
11111010101110011101000001011110
11111010101110011101000001011111
11011001101111011011000011000111
01001011101101101111111100001110
01001011101101101111111100001111
01001011101101101111111100010000
01001011101101101111111100010001
10101101110110010000110101111111
10011011111011000101100111011111
10011011111011000101100111100000
10011011111011000101100111100001
10011011111011000101100111100010
11101111001101100011100101110101
11101111001101100011100101110110
11101111001101100011100101110111
10100011111111000010101000010111
10100011111111000010101000011000
01011101111000100001010110111110
01011101111000100001010110111111
01011101111000100001010111000000
01011101111000100001010111000001
01111110110111000110000001101111
00110111101001010110011110011110
00110111101001010110011110011111
10100111000111010101011100111010
10100111000111010101011100111011
10100111000111010101011100111100
10100111000111010101011100111101
00100100111001111000010111111101
00100100111001111000010111111110
00100100111001111000010111111111
00100100111001111000011000000000
01011111010100001011010101010000
01011111010100001011010101010001
01011111010100001011010101010010
01011111010100001011010101010011
00110100101000110010011101000100
11111110101000110111110111110101
11111110101000110111110111110110
10100010011101110101110101010100
10100010011101110101110101010101
10100010011101110101110101010110
00110100101000110010011101000101
00110100101000110010011101000110
00110100101000110010011101000111
11111110101000110111110111110011
11111110101000110111110111110100
11110110101111010010101010100101
11110110101111010010101010100110
11110110101111010010101010100111
11110110101111010010101010101000
00110111111111011011110001111011
11100101111110010010110101111111
11011101001111011001100101110110
11011101001111011001100101110111
11011101001111011001100101111000
11011101001111011001100101111001
00110111111111011011110001111100
00110111111111011011110001111101
00110111111111011011110001111110
11011001100001010100111010000100
11011001100001010100111010000101
11111110101000110111110111110101
11111110101000110111110111110110
10100010011101110101110101010100
10100010011101110101110101010101
10100010011101110101110101010110
11101111001101100011100101110101
11101111001101100011100101110110
11101111001101100011100101110111
10100011111111000010101000010111
10100011111111000010101000011000
01011111010100001011010101010000
01011111010100001011010101010001
01011111010100001011010101010010
01011111010100001011010101010011
00110100101000110010011101000100
11011001100001010100111010000110
11011001100001010100111010000111
11100101111110010010110101111100
11100101111110010010110101111101
11100101111110010010110101111110
11100101111110010010110101111111
11011101001111011001100101110110
11011101001111011001100101110111
11011101001111011001100101111000
11011101001111011001100101111001
01011101111000100001010110111110
01011101111000100001010110111111
01011101111000100001010111000000
01011101111000100001010111000001
01111110110111000110000001101111
10101101110110010000110101111111
10011011111011000101100111011111
10011011111011000101100111100000
10011011111011000101100111100001
10011011111011000101100111100010
11111010101110011101000001100000
11111010101110011101000001100001
10101101110110010000110101111100
10101101110110010000110101111101
10101101110110010000110101111110
00011001000100011111010101100000
00011001000100011111010101100001
00011001000100011111010101100010
00011001000100011111010101100011
11101111001101100011100101110100
00101100101010111100111001101011
00101100101010111100111001101100
00101100101010111100111001101101
11111010101110011101000001011110
11111010101110011101000001011111
10100011111111000010101000011001
10100011111111000010101000011010
11011001101111011011000011000100
11011001101111011011000011000101
11011001101111011011000011000110
10100111000111010101011100111101
00100100111001111000010111111101
00100100111001111000010111111110
00100100111001111000010111111111
00100100111001111000011000000000
11011001101111011011000011000111
01001011101101101111111100001110
01001011101101101111111100001111
01001011101101101111111100010000
01001011101101101111111100010001
11110110101111010010101010100101
11110110101111010010101010100110
11110110101111010010101010100111
11110110101111010010101010101000
00110111111111011011110001111011
00110111101001010110011110011110
00110111101001010110011110011111
10100111000111010101011100111010
10100111000111010101011100111011
10100111000111010101011100111100
00110110101100001111100110100111
00110110101100001111100110101000
00110110101100001111100110101001
00110110101100001111100110101010
00101100101010111100111001101010
00110100101000110010011101000101
00110100101000110010011101000110
00110100101000110010011101000111
11111110101000110111110111110011
11111110101000110111110111110100
10100010011101110101110101010111
01100111111111011100001011110010
01100111111111011100001011110011
01100111111111011100001011110100
01100111111111011100001011110101
01111110110111000110000001110000
01111110110111000110000001110001
01111110110111000110000001110010
00110111101001010110011110011100
00110111101001010110011110011101
11100101111110010010110101111111
11011101001111011001100101110110
11011101001111011001100101110111
11011101001111011001100101111000
11011101001111011001100101111001
11111110101000110111110111110101
11111110101000110111110111110110
10100010011101110101110101010100
10100010011101110101110101010101
10100010011101110101110101010110
10100011111111000010101000011001
10100011111111000010101000011010
11011001101111011011000011000100
11011001101111011011000011000101
11011001101111011011000011000110
11110110101111010010101010100101
11110110101111010010101010100110
11110110101111010010101010100111
11110110101111010010101010101000
00110111111111011011110001111011
11111010101110011101000001100000
11111010101110011101000001100001
10101101110110010000110101111100
10101101110110010000110101111101
10101101110110010000110101111110
00101100101010111100111001101011
00101100101010111100111001101100
00101100101010111100111001101101
11111010101110011101000001011110
11111010101110011101000001011111
01111110110111000110000001110000
01111110110111000110000001110001
01111110110111000110000001110010
00110111101001010110011110011100
00110111101001010110011110011101
11101111001101100011100101110101
11101111001101100011100101110110
11101111001101100011100101110111
10100011111111000010101000010111
10100011111111000010101000011000
10100111000111010101011100111101
00100100111001111000010111111101
00100100111001111000010111111110
00100100111001111000010111111111
00100100111001111000011000000000
11011001101111011011000011000111
01001011101101101111111100001110
01001011101101101111111100001111
01001011101101101111111100010000
01001011101101101111111100010001
00110111101001010110011110011110
00110111101001010110011110011111
10100111000111010101011100111010
10100111000111010101011100111011
10100111000111010101011100111100
00110111111111011011110001111100
00110111111111011011110001111101
00110111111111011011110001111110
11011001100001010100111010000100
11011001100001010100111010000101
10100010011101110101110101010111
01100111111111011100001011110010
01100111111111011100001011110011
01100111111111011100001011110100
01100111111111011100001011110101
01011111010100001011010101010000
01011111010100001011010101010001
01011111010100001011010101010010
01011111010100001011010101010011
00110100101000110010011101000100
00110110101100001111100110100111
00110110101100001111100110101000
00110110101100001111100110101001
00110110101100001111100110101010
00101100101010111100111001101010
01011101111000100001010110111110
01011101111000100001010110111111
01011101111000100001010111000000
01011101111000100001010111000001
01111110110111000110000001101111
00011001000100011111010101100000
00011001000100011111010101100001
00011001000100011111010101100010
00011001000100011111010101100011
11101111001101100011100101110100
00110100101000110010011101000101
00110100101000110010011101000110
00110100101000110010011101000111
11111110101000110111110111110011
11111110101000110111110111110100
10101101110110010000110101111111
10011011111011000101100111011111
10011011111011000101100111100000
10011011111011000101100111100001
10011011111011000101100111100010
11011001100001010100111010000110
11011001100001010100111010000111
11100101111110010010110101111100
11100101111110010010110101111101
11100101111110010010110101111110
11011001101111011011000011000111
01001011101101101111111100001110
01001011101101101111111100001111
01001011101101101111111100010000
01001011101101101111111100010001
01011111010100001011010101010000
01011111010100001011010101010001
01011111010100001011010101010010
01011111010100001011010101010011
00110100101000110010011101000100
10101101110110010000110101111111
10011011111011000101100111011111
10011011111011000101100111100000
10011011111011000101100111100001
10011011111011000101100111100010
11101111001101100011100101110101
11101111001101100011100101110110
11101111001101100011100101110111
10100011111111000010101000010111
10100011111111000010101000011000
00110111111111011011110001111100
00110111111111011011110001111101
00110111111111011011110001111110
11011001100001010100111010000100
11011001100001010100111010000101
00110111101001010110011110011110
00110111101001010110011110011111
10100111000111010101011100111010
10100111000111010101011100111011
10100111000111010101011100111100
10100111000111010101011100111101
00100100111001111000010111111101
00100100111001111000010111111110
00100100111001111000010111111111
00100100111001111000011000000000
00110110101100001111100110100111
00110110101100001111100110101000
00110110101100001111100110101001
00110110101100001111100110101010
00101100101010111100111001101010
11110110101111010010101010100101
11110110101111010010101010100110
11110110101111010010101010100111
11110110101111010010101010101000
00110111111111011011110001111011
11111010101110011101000001100000
11111010101110011101000001100001
10101101110110010000110101111100
10101101110110010000110101111101
10101101110110010000110101111110
11011001100001010100111010000110
11011001100001010100111010000111
11100101111110010010110101111100
11100101111110010010110101111101
11100101111110010010110101111110
10100010011101110101110101010111
01100111111111011100001011110010
01100111111111011100001011110011
01100111111111011100001011110100
01100111111111011100001011110101
01111110110111000110000001110000
01111110110111000110000001110001
01111110110111000110000001110010
00110111101001010110011110011100
00110111101001010110011110011101
00011001000100011111010101100000
00011001000100011111010101100001
00011001000100011111010101100010
00011001000100011111010101100011
11101111001101100011100101110100
10100011111111000010101000011001
10100011111111000010101000011010
11011001101111011011000011000100
11011001101111011011000011000101
11011001101111011011000011000110
00101100101010111100111001101011
00101100101010111100111001101100
00101100101010111100111001101101
11111010101110011101000001011110
11111010101110011101000001011111
01011101111000100001010110111110
01011101111000100001010110111111
01011101111000100001010111000000
01011101111000100001010111000001
01111110110111000110000001101111
11100101111110010010110101111111
11011101001111011001100101110110
11011101001111011001100101110111
11011101001111011001100101111000
11011101001111011001100101111001
00110100101000110010011101000101
00110100101000110010011101000110
00110100101000110010011101000111
11111110101000110111110111110011
11111110101000110111110111110100
11111110101000110111110111110101
11111110101000110111110111110110
10100010011101110101110101010100
10100010011101110101110101010101
10100010011101110101110101010110
