01100100110010111010010111101100
01100100110010111010010111101101
01100100110010111010010111101110
01100100110010111010010111101111
11111110111011110000000111001100
11111110111011110000000111001101
11111110111011110000000111001110
11111110111011110000000111001111
11100110001111000000010000000000
11100110001111000000010000000001
11100110001111000000010000000010
11100110001111000000010000000011
10110101101111011001001111110000
10110101101111011001001111110001
10110101101111011001001111110010
10110101101111011001001111110011
00010110111011110110011011101011
00010110111011110110011011101100
00010110111011110110011011101101
00010110111011110110011011101110
11111011111111001101101000101001
11111011111111001101101000101010
11111011111111001101101000101011
11111011111111001101101000101100
11111100101100100011001000000100
11111100101100100011001000000101
11111100101100100011001000000110
11111100101100100011001000000111
01011111100000000001110010110101
01011111100000000001110010110110
01011111100000000001110010110111
01011111100000000001110010111000
01010011110010100011010110011001
01010011110010100011010110011010
01010011110010100011010110011011
01010011110010100011010110011100
11010101001011111001110111011110
11010101001011111001110111011111
11010101001011111001110111100000
11010101001011111001110111100001
01101001010111011001111110011011
01101001010111011001111110011100
01101001010111011001111110011101
01101001010111011001111110011110
11100010101111001111110000001111
11100010101111001111110000010000
11100010101111001111110000010001
11100010101111001111110000010010
11111101101000110101111000001100
11111101101000110101111000001101
11111101101000110101111000001110
11111101101000110101111000001111
00001111111010100111000111100011
00001111111010100111000111100100
00001111111010100111000111100101
00001111111010100111000111100110
00011011101001000001100101110100
00011011101001000001100101110101
00011011101001000001100101110110
00011011101001000001100101110111
01111010100010111101101011110100
01111010100010111101101011110101
01111010100010111101101011110110
01111010100010111101101011110111
00001011100011100111001111111111
00001011100011100111010000000000
00001011100011100111010000000001
00001011100011100111010000000010
01111011110101010101110010101100
01111011110101010101110010101101
01111011110101010101110010101110
01111011110101010101110010101111
11010110101111100101011000111100
11010110101111100101011000111101
11010110101111100101011000111110
11010110101111100101011000111111
01011111010011001101100100011100
01011111010011001101100100011101
01011111010011001101100100011110
01011111010011001101100100011111
11111101100111000001011111110000
11111101100111000001011111110001
11111101100111000001011111110010
11111101100111000001011111110011
11111110110111101111000100111111
11111110110111101111000101000000
11111110110111101111000101000001
11111110110111101111000101000010
11110001011010011100101111101001
11110001011010011100101111101010
11110001011010011100101111101011
11110001011010011100101111101100
11010110100111100000101101011101
11010110100111100000101101011110
11010110100111100000101101011111
11010110100111100000101101100000
10111100011111101100100110011000
10111100011111101100100110011001
10111100011111101100100110011010
10111100011111101100100110011011
00001111111010100111000111100110
00011011101001000001100101110100
00011011101001000001100101110101
00011011101001000001100101110110
00011011101001000001100101110111
01111011110101010101110010101110
01111011110101010101110010101111
11010110101111100101011000111100
11010110101111100101011000111101
11010110101111100101011000111110
11111100101100100011001000000101
11111100101100100011001000000110
11111100101100100011001000000111
01011111100000000001110010110101
01011111100000000001110010110110
01101001010111011001111110011011
01101001010111011001111110011100
01101001010111011001111110011101
01101001010111011001111110011110
11100010101111001111110000001111
11111110111011110000000111001101
11111110111011110000000111001110
11111110111011110000000111001111
11100110001111000000010000000000
11100110001111000000010000000001
11010110100111100000101101100000
10111100011111101100100110011000
10111100011111101100100110011001
10111100011111101100100110011010
10111100011111101100100110011011
01100100110010111010010111101100
01100100110010111010010111101101
01100100110010111010010111101110
01100100110010111010010111101111
11111110111011110000000111001100
11100010101111001111110000010000
11100010101111001111110000010001
11100010101111001111110000010010
11111101101000110101111000001100
11111101101000110101111000001101
11100110001111000000010000000010
11100110001111000000010000000011
10110101101111011001001111110000
10110101101111011001001111110001
10110101101111011001001111110010
01010011110010100011010110011100
11010101001011111001110111011110
11010101001011111001110111011111
11010101001011111001110111100000
11010101001011111001110111100001
10110101101111011001001111110011
00010110111011110110011011101011
00010110111011110110011011101100
00010110111011110110011011101101
00010110111011110110011011101110
01011111100000000001110010110111
01011111100000000001110010111000
01010011110010100011010110011001
01010011110010100011010110011010
01010011110010100011010110011011
11010110101111100101011000111111
01011111010011001101100100011100
01011111010011001101100100011101
01011111010011001101100100011110
01011111010011001101100100011111
00001011100011100111010000000000
00001011100011100111010000000001
00001011100011100111010000000010
01111011110101010101110010101100
01111011110101010101110010101101
01111010100010111101101011110100
01111010100010111101101011110101
01111010100010111101101011110110
01111010100010111101101011110111
00001011100011100111001111111111
11111110110111101111000101000000
11111110110111101111000101000001
11111110110111101111000101000010
11110001011010011100101111101001
11110001011010011100101111101010
11111101100111000001011111110000
11111101100111000001011111110001
11111101100111000001011111110010
11111101100111000001011111110011
11111110110111101111000100111111
11111101101000110101111000001110
11111101101000110101111000001111
00001111111010100111000111100011
00001111111010100111000111100100
00001111111010100111000111100101
11110001011010011100101111101011
11110001011010011100101111101100
11010110100111100000101101011101
11010110100111100000101101011110
11010110100111100000101101011111
11111011111111001101101000101001
11111011111111001101101000101010
11111011111111001101101000101011
11111011111111001101101000101100
11111100101100100011001000000100
10110101101111011001001111110011
00010110111011110110011011101011
00010110111011110110011011101100
00010110111011110110011011101101
00010110111011110110011011101110
11010110101111100101011000111111
01011111010011001101100100011100
01011111010011001101100100011101
01011111010011001101100100011110
01011111010011001101100100011111
11100110001111000000010000000010
11100110001111000000010000000011
10110101101111011001001111110000
10110101101111011001001111110001
10110101101111011001001111110010
11110001011010011100101111101011
11110001011010011100101111101100
11010110100111100000101101011101
11010110100111100000101101011110
11010110100111100000101101011111
01011111100000000001110010110111
01011111100000000001110010111000
01010011110010100011010110011001
01010011110010100011010110011010
01010011110010100011010110011011
11111101100111000001011111110000
11111101100111000001011111110001
11111101100111000001011111110010
11111101100111000001011111110011
11111110110111101111000100111111
11111110110111101111000101000000
11111110110111101111000101000001
11111110110111101111000101000010
11110001011010011100101111101001
11110001011010011100101111101010
11111110111011110000000111001101
11111110111011110000000111001110
11111110111011110000000111001111
11100110001111000000010000000000
11100110001111000000010000000001
11111011111111001101101000101001
11111011111111001101101000101010
11111011111111001101101000101011
11111011111111001101101000101100
11111100101100100011001000000100
00001111111010100111000111100110
00011011101001000001100101110100
00011011101001000001100101110101
00011011101001000001100101110110
00011011101001000001100101110111
00001011100011100111010000000000
00001011100011100111010000000001
00001011100011100111010000000010
01111011110101010101110010101100
01111011110101010101110010101101
11010110100111100000101101100000
10111100011111101100100110011000
10111100011111101100100110011001
10111100011111101100100110011010
10111100011111101100100110011011
11111101101000110101111000001110
11111101101000110101111000001111
00001111111010100111000111100011
00001111111010100111000111100100
00001111111010100111000111100101
01111010100010111101101011110100
01111010100010111101101011110101
01111010100010111101101011110110
01111010100010111101101011110111
00001011100011100111001111111111
01100100110010111010010111101100
01100100110010111010010111101101
01100100110010111010010111101110
01100100110010111010010111101111
11111110111011110000000111001100
01101001010111011001111110011011
01101001010111011001111110011100
01101001010111011001111110011101
01101001010111011001111110011110
11100010101111001111110000001111
11111100101100100011001000000101
11111100101100100011001000000110
11111100101100100011001000000111
01011111100000000001110010110101
01011111100000000001110010110110
01111011110101010101110010101110
01111011110101010101110010101111
11010110101111100101011000111100
11010110101111100101011000111101
11010110101111100101011000111110
01010011110010100011010110011100
11010101001011111001110111011110
11010101001011111001110111011111
11010101001011111001110111100000
11010101001011111001110111100001
11100010101111001111110000010000
11100010101111001111110000010001
11100010101111001111110000010010
11111101101000110101111000001100
11111101101000110101111000001101
01010011110010100011010110011100
11010101001011111001110111011110
11010101001011111001110111011111
11010101001011111001110111100000
11010101001011111001110111100001
01011111100000000001110010110111
01011111100000000001110010111000
01010011110010100011010110011001
01010011110010100011010110011010
01010011110010100011010110011011
11010110101111100101011000111111
01011111010011001101100100011100
01011111010011001101100100011101
01011111010011001101100100011110
01011111010011001101100100011111
01111010100010111101101011110100
01111010100010111101101011110101
01111010100010111101101011110110
01111010100010111101101011110111
00001011100011100111001111111111
01101001010111011001111110011011
01101001010111011001111110011100
01101001010111011001111110011101
01101001010111011001111110011110
11100010101111001111110000001111
11111101101000110101111000001110
11111101101000110101111000001111
00001111111010100111000111100011
00001111111010100111000111100100
00001111111010100111000111100101
01111011110101010101110010101110
01111011110101010101110010101111
11010110101111100101011000111100
11010110101111100101011000111101
11010110101111100101011000111110
11111101100111000001011111110000
11111101100111000001011111110001
11111101100111000001011111110010
11111101100111000001011111110011
11111110110111101111000100111111
11100110001111000000010000000010
11100110001111000000010000000011
10110101101111011001001111110000
10110101101111011001001111110001
10110101101111011001001111110010
11111100101100100011001000000101
11111100101100100011001000000110
11111100101100100011001000000111
01011111100000000001110010110101
01011111100000000001110010110110
11100010101111001111110000010000
11100010101111001111110000010001
11100010101111001111110000010010
11111101101000110101111000001100
11111101101000110101111000001101
11111110111011110000000111001101
11111110111011110000000111001110
11111110111011110000000111001111
11100110001111000000010000000000
11100110001111000000010000000001
11111011111111001101101000101001
11111011111111001101101000101010
11111011111111001101101000101011
11111011111111001101101000101100
11111100101100100011001000000100
11110001011010011100101111101011
11110001011010011100101111101100
11010110100111100000101101011101
11010110100111100000101101011110
11010110100111100000101101011111
00001111111010100111000111100110
00011011101001000001100101110100
00011011101001000001100101110101
00011011101001000001100101110110
00011011101001000001100101110111
11010110100111100000101101100000
10111100011111101100100110011000
10111100011111101100100110011001
10111100011111101100100110011010
10111100011111101100100110011011
11111110110111101111000101000000
11111110110111101111000101000001
11111110110111101111000101000010
11110001011010011100101111101001
11110001011010011100101111101010
00001011100011100111010000000000
00001011100011100111010000000001
00001011100011100111010000000010
01111011110101010101110010101100
01111011110101010101110010101101
01100100110010111010010111101100
01100100110010111010010111101101
01100100110010111010010111101110
01100100110010111010010111101111
11111110111011110000000111001100
10110101101111011001001111110011
00010110111011110110011011101011
00010110111011110110011011101100
00010110111011110110011011101101
00010110111011110110011011101110
11010110100111100000101101100000
10111100011111101100100110011000
10111100011111101100100110011001
10111100011111101100100110011010
10111100011111101100100110011011
01101001010111011001111110011011
01101001010111011001111110011100
01101001010111011001111110011101
01101001010111011001111110011110
11100010101111001111110000001111
11111101101000110101111000001110
11111101101000110101111000001111
00001111111010100111000111100011
00001111111010100111000111100100
00001111111010100111000111100101
11111100101100100011001000000101
11111100101100100011001000000110
11111100101100100011001000000111
01011111100000000001110010110101
01011111100000000001110010110110
01010011110010100011010110011100
11010101001011111001110111011110
11010101001011111001110111011111
11010101001011111001110111100000
11010101001011111001110111100001
11100010101111001111110000010000
11100010101111001111110000010001
11100010101111001111110000010010
11111101101000110101111000001100
11111101101000110101111000001101
00001111111010100111000111100110
00011011101001000001100101110100
00011011101001000001100101110101
00011011101001000001100101110110
00011011101001000001100101110111
11111011111111001101101000101001
11111011111111001101101000101010
11111011111111001101101000101011
11111011111111001101101000101100
11111100101100100011001000000100
11111101100111000001011111110000
11111101100111000001011111110001
11111101100111000001011111110010
11111101100111000001011111110011
11111110110111101111000100111111
11100110001111000000010000000010
11100110001111000000010000000011
10110101101111011001001111110000
10110101101111011001001111110001
10110101101111011001001111110010
01111010100010111101101011110100
01111010100010111101101011110101
01111010100010111101101011110110
01111010100010111101101011110111
00001011100011100111001111111111
11111110110111101111000101000000
11111110110111101111000101000001
11111110110111101111000101000010
11110001011010011100101111101001
11110001011010011100101111101010
11111110111011110000000111001101
11111110111011110000000111001110
11111110111011110000000111001111
11100110001111000000010000000000
11100110001111000000010000000001
11110001011010011100101111101011
11110001011010011100101111101100
11010110100111100000101101011101
11010110100111100000101101011110
11010110100111100000101101011111
01011111100000000001110010110111
01011111100000000001110010111000
01010011110010100011010110011001
01010011110010100011010110011010
01010011110010100011010110011011
11010110101111100101011000111111
01011111010011001101100100011100
01011111010011001101100100011101
01011111010011001101100100011110
01011111010011001101100100011111
01100100110010111010010111101100
01100100110010111010010111101101
01100100110010111010010111101110
01100100110010111010010111101111
11111110111011110000000111001100
01111011110101010101110010101110
01111011110101010101110010101111
11010110101111100101011000111100
11010110101111100101011000111101
11010110101111100101011000111110
10110101101111011001001111110011
00010110111011110110011011101011
00010110111011110110011011101100
00010110111011110110011011101101
00010110111011110110011011101110
00001011100011100111010000000000
00001011100011100111010000000001
00001011100011100111010000000010
01111011110101010101110010101100
01111011110101010101110010101101
